120 682 796 0
140 964 544 0
130 1496 334 0
210 2158 670 0
830 1280 779 1
150 1546 1154 1
250 2579 233 1
170 3104 1065 1
450 4427 913 0
610 1079 2135 0
840 1461 879 0
160 1064 934 1
240 1171 528 1
610 3804 665 0
610 3685 1071 1
231 2547 1174 0
310 2414 1719 0
261 2357 1841 1
330 1000 1600 1
610 958 2201 1
340 842 1597 0
610 1844 1730 0
610 1571 1879 0
270 1619 2324 1
520 2679 2407 0
310 2479 2471 0
530 3051 2688 1
610 992 2275 0
450 1704 2079 1
620 6247 -48 1
620 6322 -15 1
620 6400 29 0
620 6470 69 1
620 6530 109 0
620 6603 162 1
620 6665 207 0
620 6744 255 1
620 6806 305 0
620 6874 353 0
620 6942 398 1
620 7005 446 0
620 7072 488 1
620 7456 739 1
620 7527 777 1
620 7600 812 0
620 7685 857 1
620 7758 892 0
620 7830 930 1
620 7896 963 0
620 7976 995 1
620 7140 536 1
620 7210 584 1
620 7278 624 0
340 6156 9 1
340 6416 183 0
630 7344 663 0
340 6294 91 0
340 6008 131 0
340 6526 331 1
340 6412 513 1
340 6230 507 0
340 5910 347 1
440 4471 277 1
450 4791 375 0
450 4935 459 1
450 5075 539 0
450 4619 799 0
450 4183 1041 0
330 4842 208 0
330 5009 284 1
330 5180 394 1
330 4480 662 1
330 4276 770 1
330 4034 906 0
410 5117 799 0
460 5039 948 1
530 5610 632 1
850 4622 1251 1
610 5435 879 1
610 5272 967 1
610 5104 1055 1
610 4940 1139 0
610 4776 1221 0
610 4304 397 1
610 4134 487 1
610 3970 575 0
320 2939 1083 0
610 3643 753 1
610 3477 841 1
870 3707 1687 1
211 2757 305 0
610 3847 1157 1
610 4359 1413 1
610 4185 1329 1
610 4015 1245 1
740 3668 -26 0
221 4977 1415 1
610 3514 987 1
480 1552 847 1
252 1456 1109 0
251 1332 1173 0
510 4453 956 0
101 5706 1025 1
120 4824 1971 0
120 3332 2047 0
170 6390 995 0
231 5804 1868 0
410 404 448 0
460 735 431 1
461 680 473 0
462 632 513 1
230 1788 834 0
320 412 1060 0
310 2200 1616 0
310 2011 1514 0
310 2288 2573 0
610 1933 2759 0
260 2750 2051 1
610 1082 2321 0
610 1248 2407 1
310 2089 2676 1
610 1408 1966 1
410 1500 2087 0
610 1249 2046 1
470 1111 2886 0
610 1409 2490 0
420 931 2211 1
440 1965 1993 1
330 1276 2130 1
330 1584 1850 0
720 7116 74 1
710 7515 276 1
730 6673 -8 1
150 3560 2497 1
160 3778 2709 1
120 4159 3097 1
120 4060 3184 1
120 4387 3088 1
140 3904 3210 1
140 3769 3276 0
101 3144 2515 1
101 3588 521 1
101 1471 1682 0
101 5000 2868 1
120 3276 3048 1
220 3576 1417 0
530 4574 1196 1
